ID_FINCA|VARIEDAD|MODO|TIPO|COLOR|SUPERFICIE|PREDICCION PRODUCCION
48626|32|2|0|1|4.0|22172.443283296885
47921|32|2|0|1|7.0|41688.01230211828
5696|59|1|0|1|8.0|17298.84972709505
98814|32|2|0|1|3.0|12212.110319584885
98814|40|2|0|1|3.0|12212.110319584885
4024|15|2|0|1|1.0|2711.7528744962565
4024|32|2|0|1|21.0|71962.31681326083
4024|87|2|0|0|12.0|70627.56653031708
4024|40|2|0|1|18.0|74181.03942179334
4024|52|2|0|1|8.0|26886.82342515692
4024|59|2|0|1|2.6796690307328603|7236.32655251724
4024|81|2|0|1|14.0|64533.52904983989
73332|32|2|0|1|1.0|4726.5886834234
99793|87|2|0|0|2.6796690307328603|10147.756572368236
99793|52|2|0|1|2.6796690307328603|9610.517312806813
68049|87|2|0|0|2.6796690307328603|13173.562651550212
32997|32|2|0|1|3.0|13576.124064881094
32997|40|2|0|1|3.0|13576.124064881094
19067|68|1|0|0|2.6796690307328603|8307.628119682491
19067|59|1|0|1|1.0|1684.4271036463344
19067|32|2|0|1|2.6796690307328603|11014.447754918443
48410|68|1|0|0|1.0|2877.053043490291
48410|81|1|0|1|1.0|2877.053043490291
48410|87|2|0|0|2.6796690307328603|13173.562651550212
48410|68|2|0|0|1.0|4275.36684273081
48410|81|2|0|1|1.0|4275.36684273081
63133|68|1|0|0|1.0|2877.053043490291
63133|59|1|0|1|2.0|4837.000848206485
63133|81|1|0|1|2.6796690307328603|9164.571768290944
63133|87|2|0|0|2.6796690307328603|13173.562651550212
63133|68|2|0|0|2.6796690307328603|11858.636185424546
63133|81|2|0|1|2.6796690307328603|11858.636185424546
48652|17|1|0|1|1.0|2096.65118005464
48652|59|1|0|1|1.0|1810.6492498324758
39664|68|1|0|0|1.0|2877.053043490291
39664|59|1|0|1|1.0|1810.6492498324758
39664|59|2|0|1|1.0|3469.5288988188836
31838|68|1|0|0|1.0|3012.0910785183282
51822|17|1|0|1|12.0|54851.76473509719
38795|40|2|0|1|2.0|7275.114089368783
78863|17|2|0|1|2.0|7414.555901320495
14671|17|2|0|1|2.6796690307328603|9492.330443358069
1133|17|2|0|1|2.6796690307328603|7291.761889970841
70224|17|2|0|1|2.6796690307328603|11108.233578966216
97574|59|2|0|1|3.0|10424.55550816296
43705|17|2|0|1|4.0|17788.296940603395
93182|40|2|0|1|1.0|5145.025588301805
24404|32|2|0|1|9.0|50722.21408086037
24404|81|2|0|1|9.0|47777.899138835885
87125|32|2|0|1|2.6796690307328603|12554.123478848485
87125|17|2|0|1|2.6796690307328603|12021.532247056371
70378|9|2|0|0|2.0|5820.977738533515
16355|17|2|0|1|2.6796690307328603|9492.330443358069
12622|17|2|0|1|1.0|3133.590007030958
1592|32|2|0|1|4.0|11555.261103738601
1554|32|2|0|1|2.6796690307328603|7972.734026487779
20943|32|2|0|1|1.0|3724.019194075833
10999|32|2|0|1|1.0|3177.1433196326534
46499|32|2|0|1|2.6796690307328603|11920.161637832924
23983|32|2|0|1|1.0|3724.019194075833
966|32|2|0|1|1.0|2823.4266221635
71061|32|2|0|1|2.0|7713.580711959019
27515|32|2|0|1|2.6796690307328603|11492.671227734372
39360|32|2|0|1|3.0|13796.913211248844
32572|32|2|0|1|2.6796690307328603|11492.671227734372
23530|32|2|0|1|2.6796690307328603|11338.963385760937
86582|17|1|0|1|2.6796690307328603|9066.901980176883
86582|59|1|0|1|2.6796690307328603|8108.867006210889
83472|17|1|0|1|7.0|26953.363743192956
83472|59|1|0|1|16.0|68703.89650714981
83472|81|1|0|1|8.0|26725.38953910529
77984|15|2|0|1|1.0|4371.168732163363
77984|59|2|0|1|2.6796690307328603|10822.23164874405
77984|81|2|0|1|2.0|7151.042426979233
13054|15|2|0|1|2.0|5506.872624095384
13054|59|2|0|1|2.6796690307328603|7999.293194588314
13054|81|2|0|1|1.0|3542.109576433527
1142|59|1|0|1|1.0|710.4761546661716
16692|15|2|0|1|1.0|3309.9785685449724
16692|32|2|0|1|4.0|16885.389258119187
16692|59|2|0|1|2.6796690307328603|9206.328513135903
78846|15|2|0|1|1.0|4371.168732163363
78846|59|2|0|1|2.6796690307328603|10822.23164874405
59317|15|2|0|1|1.0|3699.1356884195347
59317|59|2|0|1|2.6796690307328603|10822.23164874405
10133|17|2|0|1|1.0|3133.590007030958
75065|59|1|0|1|2.0|4606.434255437919
18976|32|2|0|1|2.0|6578.900022404463
25825|17|1|0|1|1.0|2175.2940744611647
20881|17|1|0|1|1.0|2021.5862324877332
9609|17|1|0|1|1.0|1474.7103580445516
92531|59|1|0|1|1.0|1995.5197335572893
92531|59|2|0|1|1.0|3654.399382543697
76476|17|1|0|1|1.0|2712.2890831769555
80506|40|2|0|1|2.0|7947.147133112612
92099|40|2|0|1|1.0|5145.025588301805
81093|17|1|0|1|1.0|1246.0311835333903
36535|17|1|0|1|2.0|3516.5368136092393
36535|59|1|0|1|2.0|3324.286612039204
84613|59|1|0|1|6.0|22937.469393932104
84613|81|1|0|1|1.0|2310.5600019559747
37005|81|1|0|1|4.0|13707.727995401683
18632|52|1|0|1|8.0|22256.581753423983
18632|52|2|0|1|8.0|32721.36295238896
62259|94|2|0|0|2.6796690307328603|11029.91112229115
16613|94|2|0|0|3.0|11767.359652589246
32060|17|1|0|1|7.0|25846.426545722978
32060|81|1|0|1|5.0|18064.129074784425
94968|32|2|0|1|2.0|9499.76142109935
80886|17|2|0|1|2.6796690307328603|10448.074647901773
51852|17|2|0|1|3.0|11652.793177573865
13439|32|2|0|1|1.0|2333.9892640148037
19515|32|2|0|1|5.0|26008.68932473475
35465|32|2|0|1|4.0|19528.494406262078
37826|32|2|0|1|4.0|19528.494406262078
37826|17|2|0|1|10.0|72652.03818647703
49672|32|2|0|1|1.0|4414.075723553091
64738|52|1|0|1|2.6796690307328603|9335.452070137051
64738|52|2|0|1|2.6796690307328603|12290.08233701654
59146|59|2|0|1|2.0|7712.080042520426
94033|52|2|0|1|2.0|8416.241197444993
74473|59|2|0|1|2.0|7163.769985513479
40200|71|1|0|1|2.0|6132.874448006346
38272|71|1|0|1|1.0|3302.0048773769367
38272|87|1|0|0|2.0|6623.653859750829
38272|17|1|0|1|1.0|2768.815673189654
38272|81|1|0|1|3.0|11048.422390745463
38272|52|2|0|1|1.0|4235.4451206060285
27629|32|2|0|1|3.0|14928.81995170695
99693|81|1|0|1|6.0|27802.424736421897
46712|59|2|0|1|2.6796690307328603|11444.354836380273
91094|59|1|0|1|1.0|2084.6617295749215
37661|59|1|0|1|1.0|1843.3961052285947
2891|59|1|0|1|2.6796690307328603|5250.481794868022
3555|59|1|0|1|2.0|3579.1581208749817
60667|40|2|0|1|1.0|4227.117187577156
84518|32|2|0|1|2.6796690307328603|12177.012174050164
72124|32|2|0|1|1.0|4227.117187577156
18581|59|2|0|1|2.6796690307328603|10682.57134903841
13822|59|2|0|1|2.6796690307328603|9977.289957604578
23846|59|2|0|1|1.0|3502.275754215004
89768|52|2|0|1|3.0|15428.83854369193
57254|32|2|0|1|1.0|5033.465414148851
57254|59|2|0|1|1.0|4214.872252134569
80170|32|2|0|1|2.0|8727.575051452255
80170|59|2|0|1|2.0|7236.948845694149
3091|81|1|0|1|4.0|8761.446548574842
80479|52|2|0|1|6.0|31004.08094890145
88517|87|1|0|0|1.0|3522.495291646783
61928|81|1|0|1|2.0|5618.676658232915
87201|59|1|0|1|2.6796690307328603|8738.806098154851
8269|32|2|0|1|2.0|7788.74828080762
94886|32|2|0|1|4.0|23061.845148218592
44512|32|2|0|1|4.0|20308.346309233264
63181|68|1|0|0|1.0|3678.791537427488
63181|17|1|0|1|3.0|10818.978639507417
98747|9|2|0|0|3.0|14424.421207501731
98747|59|2|0|1|2.0|6454.728986303322
48816|15|2|0|1|2.0|7753.517368684881
54915|15|2|0|1|2.0|7753.517368684881
96975|23|2|0|1|2.0|7867.33826276902
68761|32|2|0|1|1.0|5089.860554770363
85950|9|2|0|0|2.0|6959.912496785281
85950|94|2|0|0|1.0|5086.646959672074
1270|9|2|0|0|2.0|5380.270732636282
1270|94|2|0|0|2.6796690307328603|9836.836329174737
12869|87|2|0|0|4.0|19028.29412682233
12869|94|2|0|0|3.0|13772.109000913442
36094|94|2|0|0|2.0|8108.723553231655
78273|94|2|0|0|2.0|8108.723553231655
87878|15|2|0|1|7.0|36010.25772423118
92013|87|2|0|0|5.0|31933.88345739826
70520|9|2|0|0|2.6796690307328603|11287.718326967497
94554|94|2|0|0|2.0|9953.773827676014
64499|32|2|0|1|1.0|5089.860554770363
84904|32|2|0|1|1.0|5761.893598514191
8690|43|2|0|0|1.0|3975.810357866836
95008|17|1|0|1|1.0|4005.2940099715142
58150|52|2|0|1|2.0|7561.2671671148455
23668|59|2|0|1|1.0|4271.267392756081
35287|87|2|0|0|8.0|51064.60074077694
77867|87|2|0|0|3.0|17602.166020873443
77867|81|2|0|1|1.0|5077.105336668009
34853|59|2|0|1|2.6796690307328603|10276.288880699825
97172|59|2|0|1|3.0|10102.446799480165
58567|17|2|0|1|3.0|14699.974172864073
33248|81|2|0|1|4.0|19572.318226215633
55618|32|2|0|1|2.6796690307328603|13047.564977326734
49305|9|2|0|0|3.0|13778.42905382092
14470|32|2|0|1|6.0|33370.34526290168
14470|17|2|0|1|3.0|13672.732764979502
14470|59|2|0|1|1.0|4163.715053515335
18139|52|2|0|1|2.0|7453.714827874099
89440|40|2|0|1|2.0|9199.407268567145
89440|26|2|0|1|4.0|22393.949969383546
45489|32|2|0|1|7.0|41579.87959871945
45489|26|2|0|1|2.0|7407.739892892683
48877|32|2|0|1|13.0|86949.03961788164
48877|52|2|0|1|7.0|40047.424948473454
48877|59|2|0|1|7.0|40047.424948473454
48877|81|2|0|1|8.0|45780.04550685651
68089|26|2|0|1|2.0|7407.739892892683
68089|52|2|0|1|9.0|57841.8694181244
68089|59|2|0|1|10.0|58306.80047470794
4377|9|2|0|0|2.0|3417.0505513939515
90202|9|2|0|0|2.0|5154.586623869022
25026|9|2|0|0|2.0|4741.3020874609765
31153|32|2|0|1|2.6796690307328603|10743.303648876667
38454|32|2|0|1|1.0|3504.0401500674857
2821|59|2|0|1|3.0|7547.492634554353
52475|59|1|0|1|2.0|4023.0958378477962
92490|32|2|0|1|1.0|3745.3057744138114
18410|32|2|0|1|1.0|3114.8830301929215
54960|68|1|0|0|2.0|6305.037312746985
68936|40|2|0|1|3.0|14614.266792475992
74003|59|2|0|1|3.0|13795.673630461712
68718|52|2|0|1|2.0|7182.47191965788
64042|59|1|0|1|4.0|13555.77067635014
17183|43|2|0|0|1.0|3443.8595086874407
797|68|1|0|0|2.0|4876.128507301367
797|59|1|0|1|8.0|19498.169320578083
92218|68|1|0|0|2.0|6071.10389255795
92218|94|2|0|0|2.0|8146.713986316083
84183|59|2|0|1|1.0|3558.670894836516
73580|59|1|0|1|1.0|1899.7912458501075
85756|59|1|0|1|3.0|9986.742227429375
25422|68|1|0|0|1.0|2966.1950395079225
25422|59|1|0|1|2.0|4832.811787613952
84948|68|1|0|0|2.0|5899.215581271769
18318|81|2|0|1|1.0|4318.300613524606
14843|62|2|0|0|10.0|47380.10029085366
14843|87|2|0|0|11.0|66462.38467442135
14843|43|2|0|0|3.0|12602.113855825155
80627|9|2|0|0|11.0|56540.577286568914
80627|62|2|0|0|2.0|6466.02455151079
80627|8|2|0|0|3.0|13138.442843312916
80627|43|2|0|0|4.0|18943.518665363106
86182|84|2|0|0|2.6796690307328603|12845.551079252835
94181|81|2|0|1|3.0|15100.413797890576
94181|84|2|0|0|1.0|5086.97861980847
48461|84|2|0|0|2.0|7845.712205326788
45773|32|2|0|1|5.0|26494.75126633178
87664|59|1|0|1|2.0|5074.077411960278
87293|32|2|0|1|3.0|14833.84481849451
87293|59|2|0|1|1.0|3799.9365191828415
9158|9|2|0|0|2.0|5306.615036299709
35271|40|2|0|1|6.0|32982.81084643607
16921|40|2|0|1|3.0|13642.57558116676
77661|32|2|0|1|1.0|4283.512328198669
33486|55|2|0|1|4.0|18705.136168286797
33486|17|2|0|1|9.0|54814.679509784946
20934|59|1|0|1|3.0|9748.35973035307
84482|81|1|0|1|5.0|19529.134684225457
72027|4|2|1|1|3.0|8622.819767858347
19272|81|1|1|1|2.0|5032.350810701614
61076|23|2|0|1|1.0|3642.710808485332
50528|4|2|1|1|22.0|57334.61153116676
50528|52|2|1|1|3.0|10870.624388142034
55261|32|2|0|1|3.0|14928.368811266386
70620|59|1|0|1|1.0|1791.5809579288873
97861|59|1|0|1|2.0|4058.47210577628
72130|81|2|0|1|4.0|19153.64959956612
523|32|2|0|1|1.0|4239.073442821841
85001|15|2|0|1|1.0|5140.688428684527
68145|15|2|1|1|1.0|2118.511374677537
68145|4|2|1|1|5.0|10685.296927168522
68145|26|2|1|1|2.0|5298.9433312530355
68145|52|2|1|1|2.0|4613.990868123429
68145|59|2|1|1|3.0|10776.872659489905
20693|15|2|1|1|6.0|23533.43667132039
20693|4|2|1|1|7.0|13451.5451165955
20693|26|2|1|1|1.0|2651.1026064696525
20693|52|2|1|1|3.0|10870.624388142034
66052|81|2|0|1|2.0|7156.382333103901
76134|26|2|0|1|1.0|4175.302040277449
15228|81|2|0|1|1.0|4098.773881316191
25377|59|1|0|1|3.0|9465.977990284797
77330|81|2|0|1|2.0|7156.382333103901
58595|81|2|0|1|2.0|7156.382333103901
62629|81|1|0|1|5.0|19290.752187149148
62629|23|2|0|1|2.0|6592.7669210322965
34512|59|1|0|1|5.0|18366.329818990736
87873|59|1|0|1|6.0|26599.32184434254
87873|32|2|0|1|1.0|4468.382811923482
87873|59|2|0|1|6.0|31967.970132282815
50343|87|1|0|0|3.0|11802.235736534434
60279|87|1|0|0|1.0|3969.640566847224
60279|87|2|0|0|1.0|5367.954366087748
53137|4|2|1|1|7.0|13132.990896950916
53137|26|2|1|1|5.0|18516.859905564066
34977|4|2|1|1|1.0|-1797.1366297411103
19679|15|2|0|1|3.0|13539.22372521149
19679|32|2|0|1|5.0|26212.3695262635
19679|52|2|0|1|3.0|13346.973523641453
19679|81|2|0|1|2.0|7156.382333103901
69552|59|1|0|1|3.0|9465.977990284797
69552|59|2|0|1|3.0|13346.973523641453
69552|65|2|0|1|1.0|4144.982106540028
8623|26|2|0|1|1.0|3786.0932767360746
62606|26|2|0|1|2.6796690307328603|11886.814529674151
65838|59|1|0|1|1.0|1791.5809579288873
65838|59|2|0|1|1.0|3450.460606915297
13450|17|1|0|1|1.0|1808.1005466653817
69138|17|1|0|1|2.0|5025.061989183988
70449|59|1|0|1|3.0|9986.742227429375
50093|17|1|0|1|1.0|2092.0414474201425
76977|81|2|0|1|1.0|4425.852952765353
38443|17|1|0|1|1.0|2092.0414474201425
90980|9|2|0|0|1.0|3070.6416017097254
27761|59|1|0|1|1.0|1899.7912458501075
43077|9|2|0|0|2.6796690307328603|10715.059918907158
47532|26|2|0|1|1.0|4283.512328198669
6454|94|2|0|0|5.0|22015.085767057415
42577|9|2|0|0|1.0|2829.3759773633997
22879|87|1|0|0|2.0|6385.304852859208
22879|17|1|0|1|2.0|5025.061989183988
23421|17|1|0|1|1.0|2092.0414474201425
5498|15|2|0|1|1.0|2988.747922495577
5498|23|2|0|1|1.0|2988.747922495577
48438|17|1|0|1|2.6796690307328603|8681.974771070822
96414|17|1|0|1|2.6796690307328603|8362.145118487439
39276|17|2|0|1|2.6796690307328603|11636.60503795031
27819|17|1|0|1|9.0|48175.52113165878
16488|32|2|0|1|3.0|13326.955289187306
24065|94|2|0|0|2.0|7974.825675029902
61177|32|2|0|1|5.0|26494.75126633178
61177|17|2|0|1|7.0|40091.467503425934
61177|26|2|0|1|2.0|7407.739892892683
61177|52|2|0|1|8.0|43251.89775547933
42164|17|2|0|1|1.0|3750.921096406551
60635|17|1|0|1|2.0|5025.061989183988
48807|17|1|0|1|2.6796690307328603|8681.974771070822
55225|32|2|0|1|2.0|8264.293747155463
92023|8|2|0|0|2.0|7723.456064410354
2916|17|1|0|1|4.0|8723.248636538105
2916|32|2|0|1|2.0|7241.206673185066
2916|59|2|0|1|1.0|3528.69056872878
96847|17|1|0|1|2.0|5995.436737530909
34500|32|2|0|1|3.0|15210.750551334659
68807|17|1|0|1|1.0|2917.9860238755095
44625|17|2|0|1|1.0|4576.865672861918
90901|59|2|0|1|7.0|33405.73644958645
90076|15|2|0|1|2.6796690307328603|13644.840057379553
92583|87|1|0|0|2.0|7258.651175739132
92583|68|1|0|0|2.0|6833.906018168602
92583|17|1|0|1|2.0|6794.914511536924
92583|43|2|0|0|2.0|8452.75098188347
92583|84|2|0|0|1.0|5564.221685705275
11395|17|1|0|1|5.0|16222.367649881231
11395|59|1|0|1|5.0|15395.05029892191
11395|59|2|0|1|5.0|21974.93315209537
56446|17|1|0|1|1.0|2917.9860238755095
73893|40|2|0|1|1.0|5781.4899483978625
61431|40|2|0|1|1.0|5109.456904654035
55518|40|2|0|1|1.0|5109.456904654035
63312|15|2|0|1|2.0|7731.702515363353
61062|9|2|0|0|2.0|6810.157396320201
61062|84|2|0|0|1.0|5392.333374419096
61062|94|2|0|0|2.0|8676.283686623645
99146|17|2|0|1|1.0|4984.4753294664215
17407|59|1|0|1|2.0|5307.65735265204
30114|59|2|0|1|2.0|7445.700585141188
2716|26|2|0|1|4.0|13606.712776054774
4990|15|2|0|1|2.0|6708.61544139295
86267|52|2|0|1|2.6796690307328603|13211.324231463188
57440|32|2|0|1|4.0|19321.720504947647
79550|15|2|0|1|3.0|15588.574860362678
39979|17|1|0|1|1.0|2917.9860238755095
67670|17|2|0|1|1.0|4576.865672861918
77844|59|2|0|1|1.0|4290.863742639753
13313|32|2|0|1|5.0|23956.816201530226
13313|17|2|0|1|2.0|7084.714009605644
93970|59|2|0|1|1.0|4725.735034875602
56863|17|2|0|1|2.0|7731.702515363353
28410|17|2|0|1|5.0|24943.3434034514
47465|59|2|0|1|1.0|4290.863742639753
49130|17|1|0|1|3.0|10797.163786185889
24382|59|2|0|1|1.0|4290.863742639753
93228|17|1|0|1|2.6796690307328603|10690.209790500065
93538|17|1|0|1|4.0|16126.32235571277
93538|59|1|0|1|3.0|10118.982796572342
69576|23|2|0|1|1.0|4224.343187547357
75702|17|1|0|1|4.0|14283.239057547567
85546|23|2|0|1|7.0|32710.53828499015
91794|23|2|0|1|1.0|5137.64185563751
33453|32|2|0|1|1.0|5001.246616732816
91148|32|2|0|1|2.0|8947.025822477055
91148|23|2|0|1|2.0|8414.434590684938
31899|17|1|0|1|1.0|2809.775735954289
45742|9|2|0|0|1.0|3547.110265897547
13154|15|2|0|1|3.0|10805.993606123166
12930|40|1|0|1|1.0|2235.2106920427327
25671|15|2|0|1|3.0|13040.270332555328
25671|9|2|0|0|3.0|12118.725213512176
5897|15|2|0|1|2.0|5603.018326375765
63812|40|1|0|1|1.0|2519.151592797494
63812|40|2|0|1|2.0|7158.696632138285
65375|32|2|0|1|2.0|7158.696632138285
95011|15|2|0|1|2.6796690307328603|10587.03602861356
9270|15|2|0|1|3.0|9154.162708338183
9270|94|2|0|0|1.0|3193.7683781742817
78210|59|2|0|1|6.0|25453.519388772864
66914|15|2|0|1|1.0|2863.238630354148
79796|94|2|0|0|3.0|13799.198743410727
98825|94|2|0|0|2.0|5526.263628848309
44713|59|1|0|1|2.0|4832.811787613952
39495|17|1|0|1|4.0|14546.513462132287
66350|32|2|0|1|3.0|12561.507541585743
66350|9|2|0|0|2.0|4913.320999522698
66350|59|2|0|1|3.0|11836.666108223591
82928|15|2|0|1|4.0|15867.417147050794
56971|32|2|0|1|5.0|22554.222509138777
63365|59|1|0|1|4.0|11324.294037756197
87434|15|2|0|1|2.0|6076.131742912175
76588|32|2|0|1|7.0|29877.254373707838
76588|59|2|0|1|1.0|2722.8035760838206
55497|59|1|0|1|7.0|22567.69979567233
71764|32|2|0|1|3.0|13789.880348542783
71764|87|2|0|0|2.0|7461.896182303213
71764|23|2|0|1|2.6796690307328603|11604.58056139125
71764|17|2|0|1|1.0|3624.0762971108247
71764|94|2|0|0|6.0|21599.311928272
16975|23|2|0|1|2.0|6316.785126892641
51387|23|2|0|1|2.6796690307328603|11366.198064314945
4052|17|2|0|1|5.0|17077.875013855184
17043|23|2|0|1|3.0|12307.285503769248
52973|43|2|0|0|1.0|3431.8260955407895
61161|59|1|0|1|2.0|4562.404813978587
84413|94|2|0|0|1.0|4481.230791948832
88525|23|2|0|1|2.0|6897.822459111238
89602|32|2|0|1|4.0|17575.19649817306
39112|32|2|0|1|6.0|26985.97403901886
43256|87|2|0|0|2.0|6776.101681065321
93168|59|1|0|1|1.0|1305.1895514437392
67743|59|1|0|1|1.0|1012.1087797977057
55823|59|1|0|1|1.0|1012.1087797977057
38025|59|1|0|1|4.0|11272.47889045649
11536|32|2|0|1|1.0|4825.516003899275
75171|17|2|0|1|2.0|8403.735559107177
98140|26|2|0|1|4.0|19967.712658628458
98140|59|2|0|1|5.0|23341.622097408996
78281|94|2|0|0|4.0|20801.139812609756
74427|17|2|0|1|2.0|8403.735559107177
21807|59|1|0|1|1.0|2631.984093653344
10091|87|1|0|0|1.0|3742.2168635364583
85548|32|2|0|1|2.0|8936.326790899291
85548|40|2|0|1|1.0|5781.4899483978625
85548|26|2|0|1|4.0|20232.13604576778
71300|68|1|0|0|2.0|6662.017706882422
71300|84|1|0|0|2.0|6957.649394749837
71300|26|2|0|1|2.0|8936.326790899291
86743|26|2|0|1|2.0|9177.592415245617
88691|17|2|0|1|2.0|8645.001183453505
25627|26|2|0|1|1.0|5109.456904654035
14735|26|2|0|1|1.0|4893.69427749207
2083|59|1|0|1|8.0|15700.835044384432
2083|15|2|0|1|3.0|10683.833020167645
2083|26|2|0|1|8.0|28397.6171350416
2083|52|2|0|1|3.0|10491.582818597608
38481|81|1|0|1|1.0|3478.861155102743
84689|92|1|0|0|1.0|3969.640566847224
34190|68|1|0|0|4.0|14824.960044511154
18158|81|1|0|1|2.0|6160.767183286206
18158|81|2|0|1|2.0|7750.2880054569
71833|94|2|0|0|1.0|5367.954366087748
93435|17|1|0|1|2.0|6757.953586657881
93435|26|2|0|1|1.0|6159.9661000122
81034|68|1|0|0|5.0|18355.22221046815
81034|92|1|0|0|4.0|16383.168824449569
81034|17|1|0|1|3.0|11425.19758693775
11587|9|2|0|0|8.0|27130.26109808611
11587|59|2|0|1|3.0|12094.632702227547
28362|9|2|0|0|1.0|3547.110265897547
66472|17|1|0|1|2.6796690307328603|9256.14688526533
71260|26|2|0|1|1.0|5673.279660476644
44150|87|1|0|0|2.6796690307328603|10014.212000043002
44150|59|1|0|1|1.0|1902.520447356563
44150|32|2|0|1|1.0|4286.241529705124
44150|9|2|0|0|4.0|19157.033641949696
44150|81|2|0|1|1.0|4367.2380402549
79247|32|2|0|1|3.0|14093.62580149202
79247|59|2|0|1|1.0|3561.4000963429717
8954|32|2|0|1|1.0|3897.0327661637484
29262|23|2|0|1|1.0|3753.650297913007
29262|59|2|0|1|4.0|17241.37182466655
37371|32|2|0|1|1.0|4286.241529705124
89417|32|2|0|1|1.0|4527.507154051448
89417|23|2|0|1|3.0|13802.300194046235
89417|59|2|0|1|4.0|18654.942441073006
11220|15|2|0|1|2.0|6261.498634656732
11220|87|2|0|0|2.0|7202.856253978684
30139|32|2|0|1|2.0|7441.078372206554
50909|9|2|0|0|2.0|5986.94202137129
19179|15|2|0|1|2.0|6908.487140414442
70754|59|2|0|1|3.0|14255.728755183043
20041|40|2|0|1|3.0|14742.18769146889
20041|59|2|0|1|10.0|44891.64172742321
20041|65|2|0|1|4.0|18934.154155631648
5760|40|2|0|1|1.0|4411.01274284732
80942|17|2|0|1|4.0|17672.0045233129
38512|17|2|0|1|5.0|23587.836156532456
84051|15|2|0|1|4.0|17672.0045233129
84051|23|2|0|1|4.0|17672.0045233129
84051|59|2|0|1|3.0|13368.78436812987
6950|59|2|0|1|2.6796690307328603|8249.883354422342
2360|59|2|0|1|6.0|22065.54260112549
52160|94|2|0|0|4.0|19301.001797266636
5062|9|2|0|0|2.6796690307328603|7636.066790514463
5062|59|2|0|1|2.6796690307328603|8249.883354422342
50486|59|2|0|1|2.0|6716.236938844407
10376|9|2|0|0|10.0|37531.48737626567
10376|59|2|0|1|10.0|39373.174590757444
12136|59|2|0|1|2.6796690307328603|9243.41658926198
44155|59|2|0|1|2.6796690307328603|11477.693315694143
48890|48|2|0|0|5.0|25876.39652704822
93417|59|2|0|1|1.0|4649.743544370418
13871|68|1|0|0|1.0|3403.5276132780323
13871|17|1|0|1|1.0|2734.442194129578
13871|59|1|0|1|1.0|2448.4402639074137
13871|32|2|0|1|1.0|4925.913074908105
41607|59|1|0|1|2.0|5617.428766546133
41607|81|1|0|1|2.6796690307328603|10340.745342090782
89430|15|2|0|1|1.0|5470.567991068399
12574|32|2|0|1|2.0|7639.120094719288
36918|17|1|0|1|2.0|5903.430696768299
32795|32|2|0|1|5.0|27373.11997391609
32795|26|2|0|1|3.0|15232.565404656187
32795|59|2|0|1|4.0|19489.753147218977
67512|9|2|0|0|1.0|3635.724203935095
85515|15|2|0|1|2.0|8425.550412428705
30771|9|2|0|0|3.0|13778.42905382092
9474|68|1|0|0|2.6796690307328603|8325.602395066224
62977|87|2|0|0|2.6796690307328603|13459.554916794916
62977|26|2|0|1|2.0|8286.108600476991
62977|52|2|0|1|5.0|26106.963119816788
85840|81|1|0|1|1.0|3678.791537427488
85840|87|2|0|0|2.0|8698.098539945173
58378|81|1|0|1|1.0|3678.791537427488
78565|8|2|0|0|1.0|4307.757247678923
51031|8|2|0|0|2.0|6831.972249641729
26725|87|1|0|0|1.0|4103.536694998017
26725|68|1|0|0|2.6796690307328603|10340.745342090782
27922|81|1|0|1|1.0|3678.791537427488
91752|32|2|0|1|1.0|6003.159222860516
50441|59|1|0|1|1.0|2612.387743769673
82023|43|2|0|0|7.0|34893.51844132485
79653|59|1|0|1|3.0|10771.359206361556
70407|87|1|0|0|1.0|4103.536694998017
70407|17|1|0|1|1.0|2898.3896739918378
35052|87|2|0|0|1.0|5501.85049423854
2486|68|1|0|0|1.0|2916.6183635165144
24195|87|1|0|0|1.0|4103.536694998017
24195|87|2|0|0|1.0|5501.85049423854
69387|87|1|0|0|1.0|4103.536694998017
5844|26|2|0|1|2.0|7263.0215265065945
40447|26|2|0|1|1.0|5089.860554770363
68850|59|1|0|1|2.0|5617.428766546133
67739|9|2|0|0|5.0|24242.13940253223
65256|87|2|0|0|1.0|5501.85049423854
30423|17|1|0|1|1.0|2898.3896739918378
85203|59|2|0|1|1.0|4271.267392756081
32681|68|1|0|0|1.0|3678.791537427488
5142|17|2|0|1|2.6796690307328603|9287.163784262819
5142|52|2|0|1|1.0|3602.8459474972383
5142|59|2|0|1|1.0|3509.0942188451086
95018|59|2|0|1|2.6796690307328603|12902.225604624611
77614|59|2|0|1|2.6796690307328603|12467.35431238876
44837|68|1|0|0|2.6796690307328603|10340.745342090782
98118|17|2|0|1|1.0|4964.87897958275
98118|52|2|0|1|2.0|7968.876823719349
98118|59|2|0|1|1.0|3258.480940596688
22768|59|1|0|1|1.0|2612.387743769673
64722|81|1|0|1|1.0|3678.791537427488
86767|94|2|0|0|1.0|5673.738805524719
32896|94|2|0|0|2.0|8698.098539945173
35819|52|2|0|1|2.6796690307328603|12322.723543964583
86749|52|2|0|1|2.0|8474.565835204998
4926|32|2|0|1|1.0|4327.687380859388
52182|17|1|0|1|1.0|2898.3896739918378
70112|17|1|0|1|1.0|2898.3896739918378
16864|32|2|0|1|14.0|90351.13813922215
40352|32|2|0|1|2.6796690307328603|13047.564977326734
76459|17|1|0|1|1.0|3570.4227177356656
76459|15|2|0|1|2.0|8425.550412428705
76459|26|2|0|1|8.0|49384.66968917355
76459|52|2|0|1|9.0|60543.06903014072
20082|15|2|0|1|1.0|4557.269322978246
95311|15|2|0|1|1.0|5664.173658957923
88040|92|1|0|0|2.6796690307328603|11175.7613080238
88040|17|1|0|1|3.0|11970.659804673878
58478|17|2|0|1|2.6796690307328603|12514.97374553462
22294|17|1|0|1|2.6796690307328603|9560.343478655132
52441|17|2|0|1|2.6796690307328603|12514.97374553462
41398|17|2|0|1|1.0|4557.269322978246
40204|17|2|0|1|2.6796690307328603|12514.97374553462
64329|59|2|0|1|1.0|4271.267392756081
34922|9|2|0|0|1.0|3635.724203935095
32006|94|2|0|0|2.6796690307328603|13459.554916794916
95678|17|1|0|1|10.0|49201.27409620798
95678|59|1|0|1|21.0|72347.4436586069
95678|52|2|0|1|4.0|22106.437122087867
95678|94|2|0|0|10.0|56918.50303361085
59544|59|2|0|1|3.0|14131.590502573634
85984|32|2|0|1|4.0|20936.38010998512
85984|59|2|0|1|5.0|25969.212148172686
28847|52|2|0|1|1.0|4308.623980786699
18372|32|2|0|1|1.0|4925.913074908105
33428|59|2|0|1|3.0|14183.40564987334
18103|59|2|0|1|2.0|7129.396506453403
85414|59|2|0|1|3.0|14421.788146949646
1190|59|2|0|1|2.0|6213.861771723746
70101|59|2|0|1|2.6796690307328603|12236.787719620193
70039|59|2|0|1|8.0|41515.21027652873
48849|59|2|0|1|2.0|7236.948845694149
65920|81|1|0|1|2.6796690307328603|9998.86230503502
55611|81|1|0|1|1.0|3511.079952518779
81554|32|2|0|1|2.6796690307328603|13727.413925378301
5462|81|1|0|1|2.6796690307328603|7449.890761056282
28477|32|2|0|1|1.0|5033.465414148851
52008|8|2|0|0|7.0|40834.208874654345
97942|68|1|0|0|3.0|10119.927435223706
97942|81|1|0|1|2.6796690307328603|8861.29227437142
92556|15|2|0|1|2.0|8436.249444006466
92556|32|2|0|1|1.0|5946.764082239004
25816|81|1|0|1|1.0|3511.079952518779
5377|40|2|0|1|2.0|6593.036365534342
95372|52|1|0|1|1.0|3717.6228533068834
17413|81|1|0|1|1.0|3364.501798804948
2584|52|1|0|1|1.0|1980.6509593563726
30628|81|1|0|1|3.0|11099.340949813726
80600|52|1|0|1|1.0|3282.751561071034
78229|68|1|0|0|1.0|3472.054138045695
70721|15|2|0|1|3.0|15221.666604842061
97695|52|1|0|1|2.6796690307328603|9331.573559403394
51766|52|1|0|1|1.0|2610.7185173272064
17321|9|1|0|0|1.0|1773.87126061334
53891|32|2|0|1|1.0|4255.262029278025
87539|59|2|0|1|2.6796690307328603|12430.93544221101
9006|59|2|0|1|1.0|4004.4740385473046
75075|17|2|0|1|1.0|5114.344297327917
2913|52|2|0|1|1.0|3024.8686136321026
49345|40|2|0|1|2.0|7359.502247877544
49345|59|2|0|1|1.0|3436.668867263745
92853|17|1|0|1|1.0|3016.1156310627393
23974|59|1|0|1|1.0|2484.6403415488926
17434|17|1|0|1|2.6796690307328603|7957.738780901638
83458|10|2|0|1|2.0|7537.969874302339
83458|26|2|0|1|1.0|4966.320887494937
9086|26|2|0|1|1.0|4729.987399094531
9086|52|2|0|1|1.0|4005.145965732378
10547|15|2|0|1|1.0|4290.4759687694705
20253|59|2|0|1|2.6796690307328603|11951.287320788377
32437|59|2|0|1|1.0|4156.309323361924
49034|59|1|0|1|1.0|2553.824814997028
3032|59|1|0|1|2.6796690307328603|7029.491498046466
24951|17|1|0|1|1.0|2839.8267452191935
26390|17|1|0|1|2.6796690307328603|9513.22557689962
72315|59|1|0|1|2.6796690307328603|9465.60614375376
75402|59|1|0|1|2.6796690307328603|9465.60614375376
33084|59|1|0|1|2.6796690307328603|9227.223646677454
47298|59|1|0|1|2.6796690307328603|9227.223646677454
77069|59|1|0|1|2.0|5641.029462813427
3931|17|1|0|1|1.0|2209.7591872483595
21119|17|1|0|1|2.6796690307328603|8793.585120801445
21119|59|1|0|1|2.6796690307328603|8507.583190579278
55370|17|1|0|1|1.0|2120.1862891210144
35888|59|1|0|1|1.0|1834.1843588988493
27166|59|1|0|1|2.6796690307328603|8507.583190579278
5638|59|1|0|1|2.6796690307328603|6215.23283822774
1777|59|1|0|1|2.6796690307328603|6215.23283822774
30936|59|1|0|1|2.6796690307328603|8507.583190579278
47258|40|2|0|1|1.0|4923.087338076499
59598|32|1|0|1|2.6796690307328603|9763.435068623461
29831|59|1|0|1|2.6796690307328603|8944.841906609181
71533|59|2|0|1|1.0|4104.494176062217
35284|59|1|0|1|1.0|2445.6145270758084
18094|59|2|0|1|2.6796690307328603|11368.255278915372
75428|59|2|0|1|2.6796690307328603|12137.854670564975
9594|59|1|0|1|2.6796690307328603|7410.470599092158
17034|59|1|0|1|1.0|2338.0621878350616
74722|59|1|0|1|1.0|2445.6145270758084
77616|17|1|0|1|1.0|3403.6495010418002
16282|59|2|0|1|1.0|3996.9418368214706
24392|40|2|0|1|1.0|4923.087338076499
23630|17|1|0|1|2.0|5644.649652967319
21215|17|1|0|1|2.6796690307328603|9230.843836831347
74004|52|2|0|1|2.6796690307328603|12903.639442960932
87207|59|2|0|1|2.6796690307328603|12430.93544221101
22639|40|2|0|1|2.6796690307328603|12718.06533550295
35719|40|2|0|1|1.0|4923.087338076499
23812|59|2|0|1|2.6796690307328603|11899.47217348867
22976|32|2|0|1|2.0|8309.709296744286
54397|87|1|0|0|2.6796690307328603|10718.372597905802
2874|87|1|0|0|2.6796690307328603|8495.973030232353
15443|87|1|0|0|2.6796690307328603|9594.15590943076
81717|17|1|0|1|2.6796690307328603|10423.641117719753
8982|17|2|0|1|1.0|4241.603246604367
17068|68|1|0|0|2.6796690307328603|9582.006324430155
75464|81|1|0|1|1.0|3620.2286086548434
95961|17|1|0|1|2.6796690307328603|9865.428968060065
12970|17|1|0|1|1.0|2687.991460404573
67061|40|2|0|1|2.6796690307328603|13000.447075571223
91543|40|2|0|1|2.6796690307328603|14152.128240737684
5380|40|2|0|1|1.0|4401.230068026884
26831|40|2|0|1|2.6796690307328603|13000.447075571223
447|40|2|0|1|2.6796690307328603|10802.714926940234
36708|40|2|0|1|1.0|5031.297625997718
30409|15|2|0|1|2.6796690307328603|12467.855843779109
75037|15|2|0|1|1.0|5170.739437949429
3014|17|1|0|1|2.6796690307328603|6742.83514219879
97661|68|1|0|0|4.0|14035.48427312551
25015|32|2|0|1|2.0|8055.542007708431
65935|9|2|0|0|1.0|3579.329063313583
70111|9|2|0|0|2.0|6601.405656873162
439|9|2|0|0|1.0|2932.634242967839
57191|32|1|0|1|4.0|15726.906808740143
57191|32|2|0|1|4.0|20077.779716464695
87552|9|2|0|0|1.0|4492.627731403735
41027|32|2|0|1|2.0|8055.542007708431
85952|87|2|0|0|1.0|5443.287565465895
35689|68|1|0|0|1.0|3639.765722954404
38557|59|1|0|1|2.6796690307328603|9116.185032359386
98995|68|1|0|0|1.0|2557.601957734864
98995|17|1|0|1|2.6796690307328603|10048.179116262363
31622|59|2|0|1|2.6796690307328603|12070.815299238875
71788|59|2|0|1|2.6796690307328603|12309.19779631518
86229|59|2|0|1|2.6796690307328603|12309.19779631518
47874|17|1|0|1|1.0|2859.3638595187535
47874|59|1|0|1|1.0|2573.3619292965886
31890|68|1|0|0|1.0|3639.765722954404
62580|59|1|0|1|1.0|2573.3619292965886
42448|9|2|0|0|1.0|3596.6983894620107
85407|59|1|0|1|1.0|2573.3619292965886
51311|59|1|0|1|2.6796690307328603|9116.185032359386
99108|52|2|0|1|2.0|7929.851009246266
63510|59|1|0|1|2.6796690307328603|9116.185032359386
62521|59|1|0|1|2.6796690307328603|9116.185032359386
62521|87|2|0|0|2.6796690307328603|13301.398400721337
75832|87|2|0|0|2.6796690307328603|13539.780897797642
52311|87|2|0|0|2.6796690307328603|13301.398400721337
69901|81|2|0|1|1.0|5077.105336668009
95974|81|2|0|1|2.6796690307328603|11897.239728560786
82727|17|1|0|1|1.0|3570.4227177356656
94553|32|2|0|1|3.0|16577.852237712177
94553|59|2|0|1|3.0|15087.226031954064
73443|17|1|0|1|1.0|3570.4227177356656
73443|17|2|0|1|1.0|5229.302366722074
59757|9|2|0|0|2.6796690307328603|11593.428626491468
49541|68|1|0|0|3.0|11599.380502943068
49541|87|2|0|0|3.0|16473.602215241997
49541|94|2|0|0|2.0|8698.098539945173
95396|68|1|0|0|1.0|4044.2855166031895
18082|32|2|0|1|3.0|14701.34851008289
86901|52|2|0|1|1.0|5278.317789498364
917|59|1|0|1|1.0|1850.2145698586985
61370|15|2|0|1|1.0|4557.269322978246
9209|59|2|0|1|1.0|3690.9478347155973
52835|59|2|0|1|1.0|3842.783119530215
8986|59|2|0|1|2.6796690307328603|10204.297916462432
15328|59|2|0|1|2.6796690307328603|10610.519709072096
18408|59|2|0|1|1.0|3735.2307802894697
26730|17|1|0|1|1.0|2469.905400765971
9613|55|2|0|1|2.0|6972.206926066189
91179|9|2|0|0|2.0|7671.093566500794
91179|17|2|0|1|1.0|5488.398466944427
98646|9|2|0|0|3.0|14279.525258247839
59892|9|2|0|0|4.0|21354.270743900364
59892|17|2|0|1|8.0|45913.71427203528
19740|32|2|0|1|2.6796690307328603|12902.669028072842
19740|17|2|0|1|1.0|4575.099798854274
59612|81|2|0|1|1.0|4983.61936825684
50386|40|2|0|1|2.6796690307328603|12902.669028072842
69033|40|2|0|1|2.6796690307328603|12902.669028072842
61845|59|1|0|1|2.6796690307328603|9129.445599179073
26954|59|1|0|1|2.0|5543.251415315045
95661|59|1|0|1|1.0|2316.7264468614803
21798|59|1|0|1|2.0|5358.647722745153
67767|52|2|0|1|2.6796690307328603|11993.223902140799
23942|81|2|0|1|1.0|4663.119460725778
27546|32|2|0|1|1.0|4923.087338076499
3494|59|1|0|1|2.6796690307328603|6747.109757978193
27224|40|2|0|1|2.6796690307328603|12718.06533550295
88841|52|1|0|1|1.0|3504.4800711178
57450|17|1|0|1|2.6796690307328603|9230.843836831347
99377|52|2|0|1|1.0|4657.670708618557
43129|59|1|0|1|1.0|2445.6145270758084
13303|32|2|0|1|1.0|4771.25205326188
58685|52|2|0|1|2.6796690307328603|11993.223902140799
70172|40|2|0|1|2.0|8027.327556676017
53135|40|2|0|1|2.6796690307328603|12718.06533550295
50647|40|2|0|1|1.0|4923.087338076499
98346|40|2|0|1|1.0|5382.512141980709
75379|40|2|0|1|2.6796690307328603|13628.480876323083
58948|17|1|0|1|2.6796690307328603|9230.843836831347
32730|59|2|0|1|1.0|4104.494176062217
77527|52|2|0|1|1.0|4870.278948458174
76361|59|2|0|1|2.6796690307328603|12137.854670564975
57203|59|1|0|1|2.6796690307328603|8944.841906609181
28134|59|1|0|1|2.0|5358.647722745153
6732|59|1|0|1|2.6796690307328603|6747.109757978193
12592|59|1|0|1|2.6796690307328603|7740.64299281783
91435|59|1|0|1|2.6796690307328603|9476.305175331521
80461|59|1|0|1|2.6796690307328603|9183.224403685486
70604|81|2|0|1|1.0|4663.119460725778
13708|52|2|0|1|1.0|4275.700881293331
21394|52|2|0|1|2.6796690307328603|11993.223902140799
48720|59|2|0|1|2.6796690307328603|11899.47217348867
73540|59|2|0|1|2.6796690307328603|12137.854670564975
29666|59|2|0|1|1.0|4104.494176062217
5548|59|2|0|1|2.6796690307328603|9701.740024857681
26807|17|2|0|1|1.0|4390.496106284382
72387|59|2|0|1|2.6796690307328603|12137.854670564975
69939|40|2|0|1|2.6796690307328603|12956.447832579255
97945|59|1|0|1|2.6796690307328603|8222.2530988258
71520|9|2|0|0|2.6796690307328603|12226.159672787524
79722|52|2|0|1|2.6796690307328603|12955.454590260639
64919|59|2|0|1|1.0|4156.309323361924
66010|59|2|0|1|1.0|4156.309323361924
89842|17|1|0|1|2.6796690307328603|10434.340149297515
21481|52|2|0|1|2.6796690307328603|12045.039049440506
98871|52|2|0|1|2.6796690307328603|12691.031203121316
90537|59|2|0|1|2.6796690307328603|12430.93544221101
17343|59|2|0|1|2.6796690307328603|11239.66620488326
62440|15|2|0|1|2.6796690307328603|12237.289251010543
10117|59|2|0|1|2.6796690307328603|10747.088406997027
45849|40|2|0|1|1.0|4974.902485376206
86237|17|1|0|1|2.6796690307328603|10193.074524951187
1022|17|2|0|1|2.6796690307328603|10039.557102379555
55644|52|2|0|1|1.0|4250.0610520140535
63209|17|1|0|1|1.0|2783.43160459768
63209|17|2|0|1|1.0|4442.311253584089
98571|17|1|0|1|2.6796690307328603|9928.651137811865
70658|40|2|0|1|2.6796690307328603|13680.29602362279
39939|87|2|0|0|1.0|5341.610234731138
42915|40|1|0|1|2.6796690307328603|9815.250215923168
11208|40|2|0|1|3.0|13750.68199634076
67974|40|2|0|1|2.0|8079.142703975724
46130|59|2|0|1|2.6796690307328603|11951.287320788377
91517|59|2|0|1|2.6796690307328603|12430.93544221101
38764|40|2|0|1|1.0|4974.902485376206
56834|32|2|0|1|2.0|8079.142703975724
11559|17|1|0|1|2.6796690307328603|8078.460070339709
6307|17|1|0|1|1.0|2153.3640466268466
96038|17|1|0|1|2.6796690307328603|9634.8623752915
26094|17|1|0|1|2.6796690307328603|9282.658984131054
91249|40|2|0|1|1.0|5888.201153466359
74974|15|1|0|1|2.6796690307328603|10193.074524951187
13488|15|1|0|1|2.6796690307328603|8078.460070339709
32986|17|1|0|1|2.6796690307328603|9282.658984131054
74812|17|1|0|1|2.6796690307328603|10193.074524951187
96004|17|1|0|1|1.0|2897.252498681818
53020|15|2|0|1|2.6796690307328603|12237.289251010543
26539|15|2|0|1|2.0|7546.551472183608
32660|17|1|0|1|1.0|2783.43160459768
30652|52|2|0|1|2.6796690307328603|12045.039049440506
98265|32|2|0|1|1.0|5382.512141980709
36468|15|2|0|1|2.0|7546.551472183608
59124|15|2|0|1|2.6796690307328603|12237.289251010543
59027|15|2|0|1|2.6796690307328603|12237.289251010543
91975|15|2|0|1|2.6796690307328603|13388.970416177004
48615|15|2|0|1|2.0|7546.551472183608
48615|81|2|0|1|2.0|7955.071041586174
7104|9|2|0|0|1.0|3006.176930135335
24945|32|2|0|1|1.0|4974.902485376206
42483|32|2|0|1|2.6796690307328603|12769.880482802657
35100|32|2|0|1|1.0|4974.902485376206
79253|17|1|0|1|2.6796690307328603|10193.074524951187
85201|17|1|0|1|2.6796690307328603|10193.074524951187
84380|17|1|0|1|2.6796690307328603|10193.074524951187
65991|15|2|0|1|2.0|7546.551472183608
15770|32|2|0|1|2.6796690307328603|11742.639074918086
48453|17|1|0|1|2.0|5696.464800267026
48453|17|2|0|1|2.0|7546.551472183608
13199|68|1|0|0|2.6796690307328603|8747.545489488159
67292|43|2|0|0|1.0|4250.0610520140535
42384|59|1|0|1|2.6796690307328603|8996.657053908888
88023|9|2|0|0|2.6796690307328603|12467.425297133852
3316|68|1|0|0|1.0|2673.871567697654
88205|87|1|0|0|1.0|4018.421995998856
77964|87|1|0|0|2.6796690307328603|10151.103256538141
25887|68|1|0|0|1.0|3303.939125668487
54183|87|1|0|0|1.0|3794.7185374129695
93510|92|1|0|0|2.6796690307328603|10568.412383013554
34407|92|1|0|0|1.0|3794.7185374129695
68971|68|1|0|0|2.0|6093.397493092697
68971|43|2|0|0|4.0|18610.776443495455
22092|59|1|0|1|1.0|2484.74799125904
90227|17|1|0|1|2.0|6525.322104295273
31565|68|1|0|0|3.0|10680.576508569638
84287|59|1|0|1|2.6796690307328603|8841.13271038421
38645|68|1|0|0|2.6796690307328603|9421.941347717353
13040|9|2|0|0|3.0|11902.63880490451
72252|17|1|0|1|2.6796690307328603|9799.167684350205
17818|17|1|0|1|2.6796690307328603|8177.131027624958
17378|17|1|0|1|2.6796690307328603|8177.131027624958
89835|17|1|0|1|2.6796690307328603|10092.24845599624
63987|68|1|0|0|1.0|3341.451401731903
53833|68|1|0|0|1.0|3341.451401731903
98248|87|1|0|0|1.0|2801.882195556553
13981|68|1|0|0|5.0|19504.171564450244
48223|17|2|0|1|1.0|4467.141846531031
39261|87|1|0|0|1.0|3832.2308134763853
39261|87|2|0|0|1.0|5230.544612716909
39261|94|2|0|0|2.0|8211.210003071286
31836|87|1|0|0|1.0|3832.2308134763853
31836|87|2|0|0|1.0|5230.544612716909
3710|59|1|0|1|1.0|1892.1927093516224
78460|81|2|0|1|5.0|27283.434651834796
66708|40|2|0|1|1.0|4980.195964023586
95601|87|1|0|0|1.0|4110.15700607585
70598|92|1|0|0|2.0|9624.541483610134
70598|59|1|0|1|1.0|2998.9388119219343
13847|87|1|0|0|1.0|5083.064485742177
28861|17|1|0|1|1.0|3680.7005672321347
13333|94|2|0|0|1.0|6533.33304402307
85855|59|2|0|1|1.0|5034.339750549087
42787|40|2|0|1|1.0|5768.497297592663
69470|40|2|0|1|1.0|5768.497297592663
23093|52|1|0|1|1.0|2667.172893532829
23093|40|2|0|1|3.0|15163.632649579147
23093|52|2|0|1|1.0|4326.052542519237
69730|52|1|0|1|4.0|14437.270759181729
69730|52|2|0|1|4.0|18788.143666906293
72495|40|2|0|1|3.0|15770.302737450043
72495|17|2|0|1|3.0|15237.71150565793
76117|87|1|0|0|1.0|3572.1331226018997
77440|59|1|0|1|2.6796690307328603|8958.361249852449
67923|23|2|0|1|3.0|14145.611377207251
66451|59|1|0|1|5.0|17329.57604516013
13733|59|1|0|1|2.0|4962.261196473272
71993|81|2|0|1|1.0|6890.914661880971
25104|23|2|0|1|2.0|11676.74608645413
25104|52|2|0|1|4.0|23069.21139363244
25104|59|2|0|1|3.0|18563.352614116735
96379|87|1|0|0|1.0|2547.119247509272
93922|87|2|0|0|5.0|30284.63136783565
93922|59|2|0|1|3.0|14663.118636265706
59397|40|2|0|1|3.0|14756.642861668122
59397|59|2|0|1|3.0|13938.049699653842
12086|87|1|0|0|3.0|11483.065582172363
17977|92|1|0|0|1.0|3962.8927853742857
52363|59|1|0|1|1.0|2592.95827918026
48827|17|1|0|1|5.0|19570.29919664314
48827|59|1|0|1|8.0|27663.59542602089
48827|40|2|0|1|8.0|38784.02377432875
48827|17|2|0|1|5.0|26150.1820498166
48827|59|2|0|1|8.0|37157.817395430626
47829|92|1|0|0|1.0|4974.28853896374
47829|17|1|0|1|1.0|2878.9602094024253
47829|17|2|0|1|1.0|4537.839858388834
28137|87|2|0|0|3.0|16974.573928740352
28137|59|2|0|1|1.0|4251.8379281666685
93498|59|1|0|1|5.0|21441.487362384425
86916|40|2|0|1|5.0|29385.416663218104
59516|59|1|0|1|1.0|2522.260267322456
59516|65|1|0|1|1.0|3080.885551986015
97437|59|1|0|1|1.0|1267.500199942404
97437|38|2|0|0|4.0|19777.148691381182
15217|32|2|0|1|2.0|7706.744779341254
15217|87|2|0|0|3.0|14684.327148828354
15217|23|2|0|1|2.0|7174.153547549137
3643|40|2|0|1|1.0|4383.968391588604
31012|68|1|0|0|3.0|10659.212795688674
9925|26|2|0|1|5.0|24168.6774251672
67186|32|2|0|1|3.0|14539.610356650164
13581|17|1|0|1|2.0|5367.321203585605
36258|17|1|0|1|2.0|5538.844576024449
55281|26|2|0|1|2.6796690307328603|12354.60992932071
47033|59|1|0|1|1.0|2463.384278378077
98490|59|1|0|1|2.6796690307328603|7858.797692643563
60871|81|1|0|1|6.0|22487.03702668311
60871|40|2|0|1|4.0|19314.25416397665
60871|59|2|0|1|5.0|25019.11924590804
60871|81|2|0|1|6.0|27730.739684622724
95476|68|1|0|0|3.0|11314.904419240393
95476|17|2|0|1|4.0|21586.976918469572
95476|59|2|0|1|2.0|7589.6157572544225
95476|81|2|0|1|2.0|8078.86372885784
91845|38|2|0|0|1.0|5905.970904768628
92933|17|1|0|1|2.6796690307328603|10070.884743115275
47561|17|2|0|1|1.0|4408.265857586652
39040|81|2|0|1|3.0|14830.60059149705
18515|32|2|0|1|2.6796690307328603|12127.13848769665
76949|32|2|0|1|2.6796690307328603|13568.77092309008
64845|59|1|0|1|1.0|2592.95827918026
64845|59|2|0|1|1.0|4251.8379281666685
79903|23|2|0|1|1.0|5209.872902132662
74410|32|2|0|1|4.0|20528.41515774602
90597|59|1|0|1|2.0|5797.853723097846
59939|17|1|0|1|11.0|53465.59323053261
59939|9|2|0|0|3.0|13389.219458764133
59939|17|2|0|1|11.0|58127.66124249573
59939|52|2|0|1|4.0|18893.158183563733
28156|59|1|0|1|2.0|5556.588098751521
85924|52|2|0|1|2.6796690307328603|12843.929489727929
86271|59|1|0|1|1.0|2592.95827918026
86271|87|2|0|0|1.0|5482.421029649127
86271|40|2|0|1|1.0|5742.464133924778
86271|59|2|0|1|1.0|4251.8379281666685
34775|81|2|0|1|3.0|14830.60059149705
812|68|1|0|0|1.0|2990.1610506840107
82939|68|1|0|0|1.0|3620.2286086548434
17552|68|1|0|0|1.0|3512.6762694140966
17552|59|1|0|1|1.0|2446.2724757562814
66871|68|1|0|0|1.0|3620.2286086548434
13751|52|2|0|1|5.0|25777.457849482373
6132|52|2|0|1|2.6796690307328603|10077.873493578083
55693|52|2|0|1|2.6796690307328603|12275.605642209071
42520|32|2|0|1|2.6796690307328603|12658.355382269947
95319|32|2|0|1|1.0|6177.335426160627
91178|59|1|0|1|2.6796690307328603|9706.871768100087
72583|59|1|0|1|1.0|2553.824814997028
72175|59|1|0|1|2.6796690307328603|9123.514450452483
76698|17|1|0|1|1.0|3550.9932531462528
36331|59|1|0|1|1.0|2592.95827918026
49929|59|1|0|1|2.6796690307328603|9227.223646677454
86542|59|1|0|1|1.0|2834.223903526586
31551|59|1|0|1|1.0|2592.95827918026
26979|17|1|0|1|2.0|5927.031393035592
26979|59|1|0|1|2.6796690307328603|9227.223646677454
36122|59|1|0|1|1.0|2553.824814997028
34315|59|1|0|1|2.6796690307328603|9227.223646677454
62869|59|1|0|1|2.6796690307328603|9227.223646677454
99282|59|2|0|1|2.0|6478.329682570616
92027|59|1|0|1|2.6796690307328603|9364.780074798811
27129|59|1|0|1|1.0|2553.824814997028
22630|59|1|0|1|1.0|2592.95827918026
25885|52|2|0|1|2.6796690307328603|12275.605642209071
72803|40|2|0|1|1.0|5742.464133924778
72803|26|2|0|1|3.0|15753.771350419533
72803|59|2|0|1|3.0|14263.145144661425
72803|94|2|0|0|1.0|5482.421029649127
84804|32|2|0|1|17.0|133609.9388251775
84804|17|2|0|1|2.0|8449.151108696
95287|40|2|0|1|2.0|9416.613632723964
45680|59|2|0|1|2.0|7816.172198869041
67872|15|2|0|1|4.0|19494.905813334713
42777|59|1|0|1|1.0|2669.351683828932
69003|59|1|0|1|4.0|14350.755499688665
57052|87|1|0|0|3.0|12589.364391642852
57052|17|1|0|1|2.0|5755.623344915975
57052|59|1|0|1|6.0|24895.673915977037
36088|59|2|0|1|2.0|7816.172198869041
52069|40|2|0|1|2.0|8719.206724945221
18438|59|2|0|1|4.0|16432.470435569172
94589|59|2|0|1|2.6796690307328603|11873.262610482223
69205|32|2|0|1|4.0|17688.528763504626
53975|32|2|0|1|2.6796690307328603|11924.850254532217
53975|17|2|0|1|2.0|6701.521243913169
9944|32|2|0|1|1.0|4019.4481754963476
9944|17|2|0|1|2.0|6186.6383540956
36123|15|2|0|1|7.0|38091.129238054535
15071|81|2|0|1|2.0|7257.719018451061
61497|15|2|0|1|2.0|6387.9950400814605
57397|59|2|0|1|1.0|3132.915823117106
702|59|2|0|1|1.0|2502.8482651462723
96832|59|2|0|1|2.6796690307328603|10566.652964754972
83256|59|2|0|1|2.0|6195.744838511425
53298|59|2|0|1|2.0|6195.744838511425
49636|9|2|0|0|3.0|11809.896255224661
49636|17|2|0|1|12.0|92804.91173166277
49636|26|2|0|1|3.0|13264.032606059927
49636|52|2|0|1|7.0|37372.56287583011
49636|59|2|0|1|21.0|118187.31414196579
49636|81|2|0|1|2.6796690307328603|11581.00411696309
84174|15|2|0|1|3.0|12969.823871344119
84174|32|2|0|1|3.0|13502.415103136233
84174|40|2|0|1|3.0|13502.415103136233
61478|32|2|0|1|2.0|7464.679068473849
34244|32|2|0|1|5.0|24399.29027474587
37461|52|2|0|1|4.0|24583.47054049881
58769|32|2|0|1|4.0|31726.15635133194
58769|59|2|0|1|4.0|30102.9992683307
88928|40|2|0|1|5.0|41615.127439418364
88928|52|2|0|1|2.0|16316.191619158268
